01 00 00 00 00 00 00 00 00 04 34 00 00 01 07 00 00 17 00 10 00 00 00 17 00 10 98 E4 00 00 00 00 12 00 00 00 02 05 00 04 05 06 07 08 09 0A 0B 0C 0D 0E 0F 10







01 00 00 00 
00 00 00 00 
00 
01 
32 00 
00 
01 07 
00 
00 01 
00 17 
00 00 

00 01 
00 17 
98 E4 
00 00 
00 00 
12 00 
00
00
02 05 00 04 05 06 07 08 09 0A 0B 0C 0D 0E 0F 10










01 00 00 00 
00 00 00 00 
00 
01 
32 00 
00 
00 02 
00 
00 01 
00 17 
00 00 

00 01 
00 17 
98 E4 
00 00 
00 00 
10 00 
02 05 00 04 05 06 07 08 09 0A 0B 0C 0D 0E 0F 10
